  5.6649563E-03   1.037335      1.0628299E-02           1
  7.0811952E-03   1.029799      9.4716493E-03           1
  8.4974337E-03   1.025938      8.6301649E-03           1
  9.9136727E-03   1.015214      7.9481127E-03           1
  1.1329911E-02  0.9967718      7.3669399E-03           1
  1.2746149E-02   1.002658      6.9660963E-03           1
  1.4162387E-02  0.9839767      6.5467642E-03           1
  1.5578624E-02  0.9811257      6.2330454E-03           1
  1.6994862E-02  0.9778787      5.9578037E-03           1
  1.8411098E-02  0.9776778      5.7234853E-03           1
  1.9827336E-02  0.9716251      5.4981895E-03           1
  2.1243572E-02  0.8943927      5.0962749E-03           1
  2.2659808E-02  0.6293054      4.1390928E-03           1
  2.4076043E-02  0.3004484      2.7745648E-03           1
  2.5492279E-02  0.1446613      1.8710025E-03           1
  2.6908513E-02  9.2136845E-02  1.4533638E-03           1
  2.8324746E-02  6.1199144E-02  1.1544953E-03           1
  2.9740980E-02  4.6793859E-02  9.8518841E-04           1
  3.1157212E-02  3.3896137E-02  8.1921584E-04           1
  3.2573443E-02  2.6911346E-02  7.1390165E-04           1
  3.3989675E-02  2.2668378E-02  6.4141519E-04           1
  3.5405908E-02  1.7541286E-02  6.7725960E-05           1
  3.8946480E-02  1.0949625E-02  5.1018520E-05           1
  4.2487051E-02  7.2085303E-03  3.9633043E-05           1
  4.6027616E-02  5.0458885E-03  3.1858250E-05           1
  4.9568173E-02  3.6217791E-03  2.6008893E-05           1
  5.3108726E-02  2.6352657E-03  2.1433427E-05           1
  5.6649271E-02  2.0342064E-03  1.8233191E-05           1
  6.0189810E-02  1.6170682E-03  1.5771211E-05           1
  6.3730344E-02  1.2722819E-03  1.3595053E-05           1
  6.7270868E-02  1.0321883E-03  1.1918684E-05           1
  7.0811383E-02  8.6127059E-04  1.0612028E-05           1
  7.4351892E-02  6.9761084E-04  9.3205817E-06           1
  7.7892385E-02  5.9732236E-04  8.4263775E-06           1
  8.1432872E-02  4.8528917E-04  7.4282757E-06           1
  8.4973358E-02  4.0634343E-04  6.6542079E-06           1
  8.8513821E-02  3.5107613E-04  6.0602329E-06           1
  9.2054278E-02  2.8648268E-04  5.3681788E-06           1
  9.5594727E-02  2.5737693E-04  4.9930768E-06           1
  9.9135160E-02  2.1811547E-04  4.5137076E-06           1
  0.1026756      1.8859419E-04  4.1241874E-06           1
  0.1062160      1.5232521E-04  3.6442279E-06           1
  0.1097564      1.2775874E-04  3.2832293E-06           1
  0.1132968      1.1624919E-04  3.0825463E-06           1
  0.1168372      9.7591677E-05  2.7813082E-06           1
  0.1203775      8.0569240E-05  2.4897747E-06           1
  0.1239178      6.9300324E-05  2.2759616E-06           1
  0.1274582      5.8223653E-05  2.0570471E-06           1
  0.1309985      5.2057116E-05  1.9186346E-06           1
  0.1345388      4.4357454E-05  1.7476609E-06           1
  0.1380790      3.6650552E-05  1.5681610E-06           1
  0.1416193      3.0422851E-05  5.9758761E-08           1
  0.1458676      2.4506029E-05  5.2852389E-08           1
  0.1501159      1.9648971E-05  4.6657959E-08           1
  0.1543641      1.5433590E-05  4.0787839E-08           1
  0.1586123      1.1971937E-05  3.5446849E-08           1
  0.1628605      9.0702433E-06  3.0457226E-08           1
  0.1671087      6.7447786E-06  2.5941167E-08           1
  0.1713568      4.8202769E-06  2.1672726E-08           1
  0.1756049      3.3269396E-06  1.7804204E-08           1
  0.1798529      2.1832136E-06  1.4273373E-08           1
  0.1841010      1.3645290E-06  1.1183503E-08           1
  0.1883490      7.4512735E-07  8.2242435E-09           1
  0.1925970      3.7078567E-07  5.8245448E-09           1
  0.1968449      1.4564482E-07  3.7643306E-09           1
  0.2010928      4.1972644E-08  2.2716748E-09           1
  0.2053407      2.3292412E-08  1.8538950E-09           1
  0.2095885      7.1042045E-08  2.6769957E-09           1
  0.2138363      1.6077163E-07  3.7369139E-09           1
  0.2180840      2.6804602E-07  4.6707571E-09           1
  0.2223317      3.8998601E-07  5.5214016E-09           1
  0.2265794      5.1524665E-07  6.2499739E-09           1
  0.2308271      6.3069740E-07  6.8252550E-09           1
  0.2350747      7.1649868E-07  7.1925563E-09           1
  0.2393222      7.8332886E-07  7.4509678E-09           1
  0.2435697      8.5832767E-07  7.7259434E-09           1
  0.2478172      9.0166907E-07  7.8461184E-09           1
  0.2520646      9.2718420E-07  7.8854514E-09           1
  0.2563120      9.1707926E-07  7.7781577E-09           1
  0.2605594      9.1059059E-07  7.6825666E-09           1
  0.2648066      8.7617894E-07  7.4685094E-09           1
  0.2690539      8.2341091E-07  7.1839952E-09           1
  0.2733011      7.7171723E-07  6.9033130E-09           1
  0.2775482      6.9420452E-07  6.5021788E-09           1
  0.2817953      6.3977058E-07  6.1986527E-09           1
  0.2860424      5.9409342E-07  5.9322329E-09           1
  0.2902894      5.2281069E-07  5.5307905E-09           1
  0.2945364      4.6553581E-07  5.1875424E-09           1
  0.2987832      4.0328351E-07  4.8020068E-09           1
  0.3030301      3.4080449E-07  4.3935926E-09           1
  0.3072769      2.8950950E-07  4.0319326E-09           1
  0.3115236      2.4457029E-07  3.6920724E-09           1
  0.3157703      2.0262783E-07  3.3518246E-09           1
  0.3186014      1.5810886E-07  1.5461971E-09           1
  0.3263868      1.0797714E-07  1.2855280E-09           1
  0.3341720      6.8025123E-08  1.0395192E-09           1
  0.3419569      3.9962920E-08  8.2939478E-10           1
  0.3497417      2.2619256E-08  6.6913936E-10           1
  0.3575263      1.4594768E-08  5.7848210E-10           1
  0.3653107      1.1304216E-08  5.3429378E-10           1
  0.3730948      1.2147191E-08  5.3588606E-10           1
  0.3808787      1.5946474E-08  5.6836152E-10           1
  0.3886625      1.9441604E-08  5.9584299E-10           1
  0.3964460      2.3518009E-08  6.2665273E-10           1
  0.4042292      2.7296004E-08  6.5243189E-10           1
  0.4120122      3.0119999E-08  6.6874284E-10           1
  0.4197950      3.0679359E-08  6.6407363E-10           1
  0.4275775      3.0524593E-08  6.5371586E-10           1
  0.4353597      2.8698389E-08  6.3041433E-10           1
  0.4431418      2.6691147E-08  6.0579286E-10           1
  0.4509235      2.3826100E-08  5.7484606E-10           1
  0.4587050      2.0530926E-08  5.3953736E-10           1
  0.4664862      1.7279698E-08  5.0353682E-10           1
  0.4742671      1.3470064E-08  4.6097032E-10           1
  0.4820478      1.1030535E-08  4.3146059E-10           1
  0.4898281      9.0186933E-09  4.0560644E-10           1
  0.4976082      6.7780976E-09  3.7622555E-10           1
  0.5053880      5.8111826E-09  3.6118886E-10           1
  0.5131675      4.6215454E-09  3.4661188E-10           1
  0.5209467      3.0468272E-09  3.2754788E-10           1
  0.5287256      3.2752623E-09  3.3175654E-10           1
  0.5365041      3.0714509E-09  3.2899186E-10           1
  0.5442824      2.0759598E-09  3.1500105E-10           1
  0.5520603      1.5399245E-09  3.0691644E-10           1
  0.5598379      1.4720137E-09  3.0533087E-10           1
  0.5676152      1.3067929E-09  3.0278943E-10           1
  0.5753922      1.3310038E-09  3.0297856E-10           1
  0.5831687      1.1818343E-09  3.0067840E-10           1
  0.5909450      1.2132382E-09  3.0100633E-10           1
  0.5987209      8.8974023E-10  2.9637562E-10           1
  0.6064965      7.3962231E-10  2.9423666E-10           1
